Pvalue_0.100000_Kvalue_5_AverageOf_20
[3.44, 3.38, 3.4, 3.39, 3.39, 3.38, 3.4, 3.37, 3.43, 3.4, 3.43, 3.39, 3.38, 3.3, 3.43, 3.39, 3.41, 3.42, 3.4]
Pvalue_0.200000_Kvalue_5_AverageOf_20
[2.42, 2.35, 2.38, 2.38, 2.36, 2.31, 2.32, 2.34, 2.34, 2.33, 2.34, 2.34, 2.35, 2.31, 2.36, 2.31, 2.34, 2.36, 2.34]
Pvalue_0.400000_Kvalue_5_AverageOf_20
[1.55, 1.45, 1.48, 1.45, 1.46, 1.47, 1.47, 1.46, 1.43, 1.43, 1.42, 1.44, 1.46, 1.46, 1.46, 1.44, 1.45, 1.43, 1.42]
Pvalue_0.800000_Kvalue_5_AverageOf_20
[0.9, 0.73, 0.7, 0.74, 0.72, 0.72, 0.72, 0.72, 0.73, 0.75, 0.75, 0.74, 0.73, 0.73, 0.74, 0.73, 0.74, 0.75, 0.77]
Pvalue_0.010000_Kvalue_5_AverageOf_20
[8.0, 7.77, 7.9, 7.96, 7.82, 7.9, 7.97, 7.85, 7.9, 8.03, 7.88, 7.78, 7.91, 7.85, 7.88, 7.95, 7.83, 7.9, 7.92]
Pvalue_0.020000_Kvalue_5_AverageOf_20
[6.47, 6.41, 6.42, 6.33, 6.4, 6.35, 6.41, 6.4, 6.49, 6.38, 6.38, 6.44, 6.36, 6.42, 6.26, 6.39, 6.35, 6.38, 6.4]
Pvalue_0.040000_Kvalue_5_AverageOf_20
[5.0, 5.0, 5.03, 5.02, 5.01, 5.0, 5.05, 5.0, 4.97, 5.01, 4.99, 5.06, 5.09, 5.04, 5.11, 5.0, 4.95, 4.96, 4.98]
Pvalue_0.080000_Kvalue_5_AverageOf_20
[3.79, 3.76, 3.84, 3.83, 3.76, 3.8, 3.76, 3.8, 3.71, 3.8, 3.78, 3.77, 3.76, 3.78, 3.79, 3.79, 3.72, 3.79, 3.71]
Pvalue_0.001000_Kvalue_5_AverageOf_20
[13.71, 13.67, 13.75, 13.84, 13.79, 13.6, 13.67, 13.54, 13.88, 13.33, 13.94, 13.69, 13.83, 13.73, 13.5, 13.7, 13.57, 13.67, 13.45]
Pvalue_0.002000_Kvalue_5_AverageOf_20
[11.75, 11.77, 11.92, 11.85, 11.74, 12.0, 11.7, 11.63, 11.96, 11.68, 11.79, 11.68, 11.83, 11.93, 11.73, 11.82, 11.8, 11.59, 11.95]
Pvalue_0.004000_Kvalue_5_AverageOf_20
[10.1, 9.93, 9.87, 10.08, 10.13, 10.21, 10.08, 9.95, 9.95, 9.89, 10.06, 9.93, 9.9, 10.24, 10.04, 10.19, 10.06, 10.15, 9.91]
Pvalue_0.008000_Kvalue_5_AverageOf_20
[8.38, 8.56, 8.48, 8.26, 8.34, 8.38, 8.6, 8.56, 8.48, 8.42, 8.28, 8.39, 8.33, 8.5, 8.48, 8.51, 8.37, 8.46, 8.27]
Pvalue_0.000100_Kvalue_5_AverageOf_20
[22.61, 21.74, 22.54, 24.41, 23.48, 22.86, 22.5, 23.1, 22.11, 23.88, 23.07, 22.56, 22.82, 22.56, 22.36, 23.64, 21.98, 22.9, 22.31]
Pvalue_0.000200_Kvalue_5_AverageOf_20
[18.79, 19.31, 19.11, 18.7, 18.39, 19.34, 19.72, 19.33, 19.54, 19.63, 19.72, 19.59, 19.33, 19.69, 19.66, 18.39, 19.47, 19.07, 19.19]
Pvalue_0.000400_Kvalue_5_AverageOf_20
[16.43, 16.65, 16.04, 16.08, 16.23, 16.59, 16.23, 16.63, 16.43, 16.81, 16.3, 16.27, 16.55, 16.6, 16.94, 16.81, 16.62, 16.58, 16.51]
Pvalue_0.000800_Kvalue_5_AverageOf_20
[14.26, 14.18, 14.12, 14.54, 14.63, 14.17, 14.73, 14.24, 13.98, 14.46, 14.46, 14.35, 14.66, 14.31, 14.54, 14.29, 14.42, 14.54, 14.14]
