Pvalue_0.010000_Kvalue_19_AverageOf_20
[40.94, 40.79, 40.93, 40.82, 40.94, 40.66, 41.0, 40.96, 40.96, 40.81, 40.82, 40.76, 40.76, 40.83, 40.78, 41.07, 40.78, 40.92, 40.91]
Pvalue_0.010000_Kvalue_18_AverageOf_20
[38.72, 38.6, 38.53, 38.5, 38.69, 38.56, 38.64, 38.48, 38.45, 38.81, 38.44, 38.51, 38.55, 38.59, 38.41, 38.37, 38.41, 38.79, 38.59]
Pvalue_0.010000_Kvalue_17_AverageOf_20
[36.31, 36.11, 36.12, 36.06, 36.18, 35.92, 36.16, 36.11, 36.28, 36.11, 36.24, 36.02, 36.12, 36.19, 36.28, 36.08, 36.21, 35.75, 36.17]
Pvalue_0.010000_Kvalue_16_AverageOf_20
[33.74, 33.98, 33.79, 33.87, 33.68, 33.84, 33.64, 33.78, 33.72, 33.65, 33.68, 33.87, 33.75, 33.88, 33.94, 33.64, 33.58, 33.92, 33.91]
Pvalue_0.010000_Kvalue_15_AverageOf_20
[31.34, 31.43, 31.41, 31.47, 31.41, 31.47, 31.45, 31.31, 31.44, 31.45, 31.47, 31.38, 31.41, 31.27, 31.24, 31.49, 31.66, 31.43, 31.61]
Pvalue_0.010000_Kvalue_14_AverageOf_20
[29.0, 29.22, 29.14, 29.16, 28.93, 29.2, 29.11, 29.21, 29.08, 29.09, 28.91, 29.13, 29.16, 29.06, 28.97, 29.36, 29.05, 29.29, 28.84]
Pvalue_0.010000_Kvalue_13_AverageOf_20
[26.77, 26.72, 26.94, 26.78, 26.65, 26.66, 26.81, 26.81, 26.54, 26.84, 26.83, 26.79, 26.7, 26.64, 26.81, 26.84, 26.59, 26.82, 26.56]
Pvalue_0.010000_Kvalue_12_AverageOf_20
[24.39, 24.49, 24.55, 24.36, 24.44, 24.49, 24.31, 24.42, 24.23, 24.26, 24.29, 24.58, 24.32, 24.53, 24.46, 24.5, 24.36, 24.43, 24.44]
Pvalue_0.010000_Kvalue_11_AverageOf_20
[21.83, 22.09, 22.08, 22.07, 21.93, 21.97, 22.13, 22.16, 22.03, 21.87, 21.98, 21.95, 22.02, 22.19, 22.14, 21.9, 22.21, 22.04, 21.93]
Pvalue_0.010000_Kvalue_10_AverageOf_20
[19.77, 19.63, 19.68, 19.58, 19.73, 19.74, 19.64, 19.64, 19.63, 19.41, 19.8, 19.64, 19.56, 19.66, 19.45, 19.6, 19.71, 19.6, 19.77]
Pvalue_0.010000_Kvalue_9_AverageOf_20
[17.23, 17.37, 17.27, 17.43, 17.35, 17.28, 17.22, 17.21, 17.5, 17.26, 17.36, 17.31, 17.33, 17.31, 17.27, 17.43, 17.44, 17.49, 17.28]
Pvalue_0.010000_Kvalue_8_AverageOf_20
[15.04, 15.04, 14.93, 15.01, 14.91, 14.84, 14.99, 15.05, 14.68, 14.94, 14.84, 14.94, 15.03, 14.88, 14.85, 15.04, 14.86, 14.98, 15.01]
Pvalue_0.010000_Kvalue_7_AverageOf_20
[12.51, 12.64, 12.5, 12.62, 12.5, 12.5, 12.72, 12.66, 12.71, 12.74, 12.64, 12.6, 12.68, 12.69, 12.65, 12.68, 12.76, 12.7, 12.57]
Pvalue_0.010000_Kvalue_6_AverageOf_20
[10.35, 10.18, 10.29, 10.25, 10.27, 10.31, 10.3, 10.26, 10.29, 10.29, 10.28, 10.36, 10.24, 10.19, 10.22, 10.35, 10.34, 10.37, 10.35]
Pvalue_0.010000_Kvalue_5_AverageOf_20
[7.85, 7.82, 7.78, 7.94, 7.94, 8.0, 7.81, 7.87, 7.91, 7.93, 7.82, 7.89, 7.93, 7.9, 7.85, 7.93, 7.98, 7.89, 7.91]
Pvalue_0.010000_Kvalue_4_AverageOf_20
[5.64, 5.61, 5.6, 5.58, 5.49, 5.42, 5.49, 5.54, 5.6, 5.53, 5.54, 5.5, 5.65, 5.62, 5.65, 5.56, 5.54, 5.55, 5.66]
Pvalue_0.010000_Kvalue_3_AverageOf_20
[3.21, 3.29, 3.12, 3.21, 3.24, 3.23, 3.17, 3.14, 3.16, 3.24, 3.09, 3.3, 3.28, 3.25, 3.13, 3.19, 3.21, 3.12, 3.24]
Pvalue_0.010000_Kvalue_2_AverageOf_20
[0.61, 0.88, 0.77, 0.75, 0.84, 0.97, 0.89, 0.87, 0.84, 0.93, 0.87, 0.82, 0.74, 0.83, 0.78, 0.86, 0.86, 0.91, 0.85]
Pvalue_0.010000_Kvalue_1_AverageOf_20
[-1.51, -1.48, -1.49, -1.44, -1.63, -1.49, -1.44, -1.52, -1.49, -1.56, -1.59, -1.62, -1.5, -1.51, -1.57, -1.54, -1.56, -1.52, -1.59]
