Pvalue_0.010000_Kvalue_19_AverageOf_20
[40.52, 40.51, 40.5, 40.54, 40.52, 40.53, 40.55, 40.48, 40.48, 40.5, 40.49, 40.5, 40.52, 40.48, 40.49, 40.48, 40.51, 40.51, 40.52]
Pvalue_0.010000_Kvalue_18_AverageOf_20
[38.19, 38.21, 38.17, 38.17, 38.19, 38.2, 38.18, 38.18, 38.18, 38.19, 38.16, 38.18, 38.19, 38.17, 38.16, 38.19, 38.18, 38.18, 38.18]
Pvalue_0.010000_Kvalue_17_AverageOf_20
[35.83, 35.82, 35.83, 35.84, 35.86, 35.81, 35.82, 35.84, 35.82, 35.84, 35.83, 35.85, 35.84, 35.82, 35.83, 35.84, 35.84, 35.83, 35.84]
Pvalue_0.010000_Kvalue_16_AverageOf_20
[33.5, 33.49, 33.51, 33.5, 33.5, 33.49, 33.51, 33.5, 33.51, 33.52, 33.49, 33.5, 33.51, 33.48, 33.5, 33.49, 33.51, 33.5, 33.5]
Pvalue_0.010000_Kvalue_15_AverageOf_20
[31.16, 31.15, 31.17, 31.13, 31.16, 31.18, 31.13, 31.16, 31.17, 31.17, 31.17, 31.17, 31.17, 31.17, 31.18, 31.19, 31.13, 31.15, 31.16]
Pvalue_0.010000_Kvalue_14_AverageOf_20
[28.82, 28.84, 28.84, 28.84, 28.86, 28.82, 28.83, 28.83, 28.86, 28.83, 28.84, 28.86, 28.84, 28.83, 28.83, 28.79, 28.84, 28.83, 28.81]
Pvalue_0.010000_Kvalue_13_AverageOf_20
[26.51, 26.49, 26.48, 26.52, 26.49, 26.48, 26.48, 26.5, 26.51, 26.5, 26.49, 26.49, 26.47, 26.48, 26.49, 26.49, 26.52, 26.47, 26.48]
Pvalue_0.010000_Kvalue_12_AverageOf_20
[24.17, 24.13, 24.15, 24.16, 24.16, 24.13, 24.15, 24.17, 24.15, 24.18, 24.14, 24.15, 24.17, 24.16, 24.17, 24.17, 24.15, 24.18, 24.15]
Pvalue_0.010000_Kvalue_11_AverageOf_20
[21.8, 21.81, 21.83, 21.83, 21.81, 21.82, 21.83, 21.8, 21.83, 21.81, 21.84, 21.81, 21.84, 21.81, 21.83, 21.83, 21.82, 21.82, 21.83]
Pvalue_0.010000_Kvalue_10_AverageOf_20
[19.52, 19.48, 19.5, 19.48, 19.49, 19.48, 19.49, 19.48, 19.5, 19.48, 19.49, 19.47, 19.5, 19.48, 19.5, 19.49, 19.48, 19.49, 19.48]
Pvalue_0.010000_Kvalue_9_AverageOf_20
[17.15, 17.15, 17.15, 17.15, 17.16, 17.16, 17.13, 17.15, 17.14, 17.14, 17.15, 17.14, 17.15, 17.16, 17.16, 17.15, 17.16, 17.13, 17.15]
Pvalue_0.010000_Kvalue_8_AverageOf_20
[14.81, 14.82, 14.81, 14.8, 14.79, 14.81, 14.81, 14.81, 14.81, 14.8, 14.82, 14.82, 14.82, 14.82, 14.84, 14.81, 14.83, 14.81, 14.81]
Pvalue_0.010000_Kvalue_7_AverageOf_20
[12.49, 12.5, 12.47, 12.47, 12.48, 12.49, 12.49, 12.48, 12.47, 12.48, 12.48, 12.5, 12.48, 12.49, 12.47, 12.47, 12.47, 12.49, 12.48]
Pvalue_0.010000_Kvalue_6_AverageOf_20
[10.16, 10.12, 10.15, 10.14, 10.13, 10.14, 10.14, 10.13, 10.14, 10.14, 10.14, 10.14, 10.14, 10.15, 10.13, 10.15, 10.14, 10.14, 10.14]
Pvalue_0.010000_Kvalue_5_AverageOf_20
[7.81, 7.8, 7.8, 7.83, 7.81, 7.8, 7.81, 7.81, 7.78, 7.81, 7.81, 7.81, 7.8, 7.8, 7.8, 7.79, 7.8, 7.8, 7.81]
Pvalue_0.010000_Kvalue_4_AverageOf_20
[5.48, 5.46, 5.46, 5.47, 5.47, 5.47, 5.46, 5.46, 5.45, 5.48, 5.47, 5.47, 5.47, 5.46, 5.46, 5.46, 5.45, 5.46, 5.47]
Pvalue_0.010000_Kvalue_3_AverageOf_20
[3.13, 3.13, 3.13, 3.13, 3.13, 3.13, 3.13, 3.14, 3.13, 3.12, 3.13, 3.13, 3.13, 3.14, 3.12, 3.14, 3.14, 3.14, 3.14]
Pvalue_0.010000_Kvalue_2_AverageOf_20
[0.79, 0.8, 0.79, 0.8, 0.79, 0.8, 0.8, 0.79, 0.8, 0.81, 0.8, 0.81, 0.79, 0.8, 0.81, 0.79, 0.79, 0.79, 0.8]
Pvalue_0.010000_Kvalue_1_AverageOf_20
[-1.52, -1.55, -1.54, -1.54, -1.53, -1.55, -1.54, -1.53, -1.54, -1.53, -1.54, -1.54, -1.54, -1.54, -1.53, -1.53, -1.54, -1.55, -1.54]
