Pvalue_0.100000_Kvalue_5_AverageOf_20
[3.42, 3.37, 3.4, 3.38, 3.37, 3.37, 3.39, 3.37, 3.39, 3.39, 3.39, 3.39, 3.4, 3.39, 3.39, 3.39, 3.38, 3.38, 3.39]
Pvalue_0.200000_Kvalue_5_AverageOf_20
[2.41, 2.33, 2.33, 2.34, 2.33, 2.34, 2.34, 2.34, 2.34, 2.34, 2.33, 2.33, 2.32, 2.33, 2.32, 2.32, 2.33, 2.34, 2.33]
Pvalue_0.400000_Kvalue_5_AverageOf_20
[1.55, 1.46, 1.44, 1.46, 1.45, 1.45, 1.45, 1.46, 1.45, 1.45, 1.45, 1.44, 1.44, 1.45, 1.45, 1.45, 1.45, 1.44, 1.45]
Pvalue_0.800000_Kvalue_5_AverageOf_20
[0.91, 0.74, 0.73, 0.74, 0.74, 0.74, 0.74, 0.74, 0.74, 0.74, 0.73, 0.75, 0.74, 0.75, 0.74, 0.74, 0.75, 0.74, 0.74]
Pvalue_0.010000_Kvalue_5_AverageOf_20
[7.86, 7.82, 7.84, 7.77, 7.84, 7.84, 7.79, 7.82, 7.86, 7.86, 7.82, 7.84, 7.78, 7.77, 7.81, 7.82, 7.78, 7.82, 7.86]
Pvalue_0.020000_Kvalue_5_AverageOf_20
[6.38, 6.34, 6.36, 6.38, 6.36, 6.38, 6.37, 6.39, 6.37, 6.39, 6.33, 6.37, 6.38, 6.36, 6.35, 6.34, 6.36, 6.37, 6.35]
Pvalue_0.040000_Kvalue_5_AverageOf_20
[5.03, 5.0, 5.0, 5.01, 5.02, 5.02, 4.99, 5.01, 5.01, 5.0, 5.02, 5.01, 4.99, 4.99, 5.0, 5.01, 5.01, 5.0, 4.99]
Pvalue_0.080000_Kvalue_5_AverageOf_20
[3.79, 3.77, 3.78, 3.75, 3.77, 3.75, 3.76, 3.77, 3.76, 3.75, 3.75, 3.75, 3.75, 3.77, 3.76, 3.75, 3.75, 3.76, 3.77]
Pvalue_0.001000_Kvalue_5_AverageOf_20
[13.15, 13.04, 12.88, 13.02, 13.08, 13.21, 13.03, 13.14, 13.1, 13.13, 13.13, 13.09, 13.21, 13.01, 13.11, 13.12, 12.97, 12.93, 13.13]
Pvalue_0.002000_Kvalue_5_AverageOf_20
[11.41, 11.34, 11.36, 11.38, 11.43, 11.46, 11.37, 11.5, 11.45, 11.43, 11.46, 11.4, 11.4, 11.44, 11.52, 11.43, 11.45, 11.43, 11.37]
Pvalue_0.004000_Kvalue_5_AverageOf_20
[9.86, 9.84, 9.82, 9.84, 9.85, 9.84, 9.84, 9.79, 9.87, 9.86, 9.83, 9.88, 9.82, 9.79, 9.81, 9.86, 9.82, 9.83, 9.84]
Pvalue_0.008000_Kvalue_5_AverageOf_20
[8.32, 8.28, 8.26, 8.29, 8.33, 8.31, 8.29, 8.31, 8.29, 8.32, 8.26, 8.24, 8.32, 8.27, 8.32, 8.31, 8.33, 8.36, 8.3]
Pvalue_0.000100_Kvalue_5_AverageOf_20
[19.14, 19.35, 19.65, 18.99, 19.4, 19.36, 19.31, 19.15, 19.12, 19.13, 19.35, 19.36, 19.31, 18.99, 18.99, 19.13, 18.96, 19.02, 19.13]
Pvalue_0.000200_Kvalue_5_AverageOf_20
[17.33, 17.09, 17.3, 17.06, 17.15, 17.2, 17.3, 17.46, 17.31, 17.34, 17.12, 17.09, 16.99, 17.05, 17.21, 17.1, 17.33, 17.41, 17.14]
Pvalue_0.000400_Kvalue_5_AverageOf_20
[15.58, 15.29, 15.5, 15.3, 15.26, 15.42, 15.36, 15.46, 15.45, 15.46, 15.47, 15.28, 15.13, 15.32, 15.37, 15.43, 15.44, 15.41, 15.4]
Pvalue_0.000800_Kvalue_5_AverageOf_20
[13.69, 13.82, 13.53, 13.67, 13.71, 13.61, 13.54, 13.59, 13.71, 13.64, 13.59, 13.62, 13.71, 13.7, 13.75, 13.74, 13.64, 13.59, 13.76]
