Pvalue_0.100000_Kvalue_5_AverageOf_20
[3.61, 3.62, 3.52, 3.61, 3.64, 3.55, 3.47, 3.66, 3.48, 3.5, 3.55, 3.56, 3.55, 3.6, 3.57, 3.62, 3.66, 3.71, 3.64]
Pvalue_0.200000_Kvalue_5_AverageOf_20
[2.45, 2.51, 2.53, 2.37, 2.33, 2.41, 2.53, 2.46, 2.44, 2.5, 2.45, 2.44, 2.38, 2.37, 2.49, 2.34, 2.51, 2.44, 2.49]
Pvalue_0.400000_Kvalue_5_AverageOf_20
[1.65, 1.57, 1.57, 1.45, 1.54, 1.6, 1.43, 1.47, 1.53, 1.57, 1.49, 1.48, 1.5, 1.47, 1.54, 1.53, 1.57, 1.51, 1.54]
Pvalue_0.800000_Kvalue_5_AverageOf_20
[1.01, 0.78, 0.75, 0.8, 0.81, 0.83, 0.85, 0.83, 0.76, 0.73, 0.8, 0.83, 0.85, 0.79, 0.77, 0.83, 0.76, 0.78, 0.74]
Pvalue_0.010000_Kvalue_5_AverageOf_20
[8.89, 8.94, 8.7, 8.95, 8.57, 8.93, 8.44, 8.75, 8.9, 8.52, 8.62, 8.55, 9.26, 8.79, 8.68, 8.8, 8.6, 8.33, 8.77]
Pvalue_0.020000_Kvalue_5_AverageOf_20
[6.86, 6.84, 6.73, 6.77, 6.84, 6.86, 6.87, 7.02, 6.9, 6.95, 6.96, 6.68, 6.96, 6.73, 6.99, 6.82, 7.02, 7.09, 6.72]
Pvalue_0.040000_Kvalue_5_AverageOf_20
[5.34, 5.31, 5.36, 5.54, 5.32, 5.17, 5.49, 5.45, 5.41, 5.22, 5.42, 5.35, 5.03, 5.18, 5.42, 5.44, 5.52, 5.33, 5.21]
Pvalue_0.080000_Kvalue_5_AverageOf_20
[4.06, 3.95, 3.96, 3.88, 3.96, 3.91, 3.79, 4.08, 3.99, 3.93, 3.85, 4.05, 3.89, 3.95, 4.0, 4.13, 3.95, 4.01, 3.96]
Pvalue_0.001000_Kvalue_5_AverageOf_20
[17.08, 17.08, 17.37, 18.19, 16.66, 18.16, 18.72, 17.83, 18.59, 17.53, 17.91, 17.37, 17.02, 18.03, 17.53, 16.35, 17.45, 18.06, 16.79]
Pvalue_0.002000_Kvalue_5_AverageOf_20
[13.68, 14.38, 13.08, 13.55, 14.38, 13.45, 14.23, 13.15, 13.56, 14.73, 14.26, 14.07, 13.67, 14.12, 13.6, 14.13, 13.1, 14.37, 14.26]
Pvalue_0.004000_Kvalue_5_AverageOf_20
[12.01, 11.12, 11.48, 10.59, 10.87, 11.23, 11.26, 10.91, 11.45, 11.62, 10.81, 11.38, 11.14, 11.32, 10.89, 11.14, 11.6, 11.06, 11.29]
Pvalue_0.008000_Kvalue_5_AverageOf_20
[9.44, 9.19, 9.09, 9.26, 9.31, 9.41, 9.33, 9.45, 9.47, 9.01, 8.81, 8.77, 9.18, 8.98, 9.39, 9.02, 9.32, 9.2, 9.03]
Pvalue_0.000100_Kvalue_5_AverageOf_20
[62.13, 59.49, 66.71, 63.13, 63.55, 73.51, 67.49, 63.22, 71.33, 58.91, 69.18, 69.22, 60.87, 62.73, 60.36, 74.35, 64.78, 56.0, 64.56]
Pvalue_0.000200_Kvalue_5_AverageOf_20
[41.88, 42.19, 42.6, 38.77, 43.64, 39.91, 42.47, 35.46, 40.06, 38.0, 36.35, 40.42, 38.7, 37.66, 38.79, 32.96, 39.25, 38.17, 36.39]
Pvalue_0.000400_Kvalue_5_AverageOf_20
[24.98, 27.09, 25.73, 26.59, 25.42, 27.09, 26.63, 25.85, 26.33, 27.8, 24.84, 24.51, 23.77, 26.89, 25.1, 25.97, 26.46, 25.57, 25.72]
Pvalue_0.000800_Kvalue_5_AverageOf_20
[19.4, 19.24, 17.79, 18.63, 17.18, 17.36, 18.36, 19.95, 19.23, 19.49, 18.24, 20.64, 17.64, 18.56, 18.28, 20.87, 18.46, 19.05, 18.77]
