Pvalue_0.010000_Kvalue_19_AverageOf_20
[43.02, 42.5, 42.48, 43.32, 42.94, 43.02, 43.75, 42.68, 42.56, 43.3, 42.78, 43.14, 43.27, 43.22, 42.74, 43.41, 42.78, 42.89, 43.55]
Pvalue_0.010000_Kvalue_18_AverageOf_20
[40.28, 40.3, 40.93, 40.81, 41.07, 40.81, 40.5, 40.22, 40.62, 40.58, 41.07, 40.62, 39.97, 40.68, 40.9, 40.66, 40.35, 40.76, 40.46]
Pvalue_0.010000_Kvalue_17_AverageOf_20
[38.12, 38.04, 38.74, 38.1, 38.15, 37.43, 38.15, 37.75, 37.84, 38.28, 38.52, 37.58, 38.12, 38.63, 38.24, 37.89, 38.47, 37.95, 38.15]
Pvalue_0.010000_Kvalue_16_AverageOf_20
[35.97, 36.06, 35.81, 35.69, 36.42, 36.0, 35.43, 35.48, 35.97, 35.46, 35.85, 35.96, 35.46, 35.23, 36.0, 35.69, 35.62, 35.79, 36.17]
Pvalue_0.010000_Kvalue_15_AverageOf_20
[33.56, 33.35, 32.99, 33.66, 33.25, 33.38, 33.43, 33.13, 33.18, 33.33, 33.1, 33.41, 33.11, 33.1, 33.75, 33.21, 32.91, 33.28, 33.73]
Pvalue_0.010000_Kvalue_14_AverageOf_20
[31.09, 30.65, 31.08, 30.37, 30.54, 30.8, 30.9, 30.31, 30.69, 30.59, 30.65, 30.44, 31.05, 31.18, 30.73, 30.91, 30.99, 30.4, 31.26]
Pvalue_0.010000_Kvalue_13_AverageOf_20
[27.86, 28.38, 28.06, 28.64, 28.91, 28.45, 28.09, 28.12, 28.51, 28.36, 28.39, 28.0, 28.08, 28.14, 28.41, 28.2, 28.27, 28.23, 28.56]
Pvalue_0.010000_Kvalue_12_AverageOf_20
[25.76, 25.79, 25.66, 26.06, 25.66, 25.74, 25.72, 25.81, 25.82, 25.62, 25.5, 25.69, 25.9, 25.91, 25.9, 26.03, 25.88, 25.28, 25.9]
Pvalue_0.010000_Kvalue_11_AverageOf_20
[23.17, 23.36, 23.34, 23.69, 23.55, 22.96, 23.56, 23.25, 23.24, 23.64, 23.34, 23.31, 23.07, 23.67, 23.37, 23.17, 23.34, 23.08, 23.44]
Pvalue_0.010000_Kvalue_10_AverageOf_20
[21.01, 20.58, 21.06, 20.99, 21.13, 21.48, 21.09, 20.96, 20.95, 20.99, 21.01, 20.72, 21.11, 21.04, 20.8, 21.05, 21.1, 21.02, 20.78]
Pvalue_0.010000_Kvalue_9_AverageOf_20
[18.46, 18.31, 17.99, 18.38, 18.38, 18.36, 18.18, 18.58, 18.2, 18.7, 18.46, 18.25, 18.85, 18.43, 18.46, 18.34, 18.54, 18.48, 18.21]
Pvalue_0.010000_Kvalue_8_AverageOf_20
[15.85, 15.76, 16.49, 15.65, 16.33, 15.92, 16.13, 16.36, 16.04, 16.26, 16.04, 15.6, 16.67, 15.62, 16.06, 16.09, 16.14, 16.39, 16.42]
Pvalue_0.010000_Kvalue_7_AverageOf_20
[13.7, 13.41, 13.66, 13.61, 13.77, 13.77, 13.74, 13.19, 13.62, 13.63, 13.4, 13.48, 13.79, 13.49, 13.71, 13.58, 13.39, 13.55, 13.69]
Pvalue_0.010000_Kvalue_6_AverageOf_20
[11.23, 10.79, 10.96, 11.53, 10.87, 11.38, 11.14, 11.16, 11.19, 10.99, 11.02, 11.25, 10.9, 11.39, 11.32, 11.23, 10.87, 11.03, 11.03]
Pvalue_0.010000_Kvalue_5_AverageOf_20
[8.8, 8.57, 8.66, 8.67, 8.53, 8.55, 8.69, 8.74, 8.6, 8.44, 8.44, 8.75, 8.78, 8.75, 8.54, 8.54, 8.49, 8.53, 8.53]
Pvalue_0.010000_Kvalue_4_AverageOf_20
[6.02, 6.22, 5.92, 5.94, 5.91, 6.23, 6.26, 6.1, 6.02, 6.2, 6.34, 6.55, 6.02, 6.09, 6.02, 6.41, 6.11, 5.77, 6.3]
Pvalue_0.010000_Kvalue_3_AverageOf_20
[3.49, 3.54, 3.84, 4.01, 3.79, 3.84, 3.46, 3.57, 3.95, 3.61, 3.74, 3.69, 3.5, 3.74, 3.66, 3.5, 3.68, 3.75, 3.62]
Pvalue_0.010000_Kvalue_2_AverageOf_20
[1.32, 1.16, 1.22, 1.31, 1.33, 1.16, 1.12, 1.46, 1.01, 1.15, 1.35, 1.18, 1.1, 1.34, 1.37, 1.27, 1.44, 1.17, 1.29]
Pvalue_0.010000_Kvalue_1_AverageOf_20
[-1.25, -1.23, -1.34, -1.3, -1.43, -1.28, -1.15, -1.31, -1.33, -1.21, -1.23, -1.2, -1.06, -1.24, -1.45, -1.22, -1.15, -1.07, -1.25]
