Pvalue_0.010000_Kvalue_19_AverageOf_20
[40.58, 40.51, 40.54, 40.53, 40.55, 40.55, 40.53, 40.59, 40.69, 40.52, 40.51, 40.51, 40.56, 40.48, 40.59, 40.59, 40.57, 40.5, 40.49]
Pvalue_0.010000_Kvalue_18_AverageOf_20
[38.21, 38.19, 38.21, 38.24, 38.19, 38.21, 38.25, 38.14, 38.19, 38.27, 38.13, 38.28, 38.2, 38.24, 38.18, 38.23, 38.2, 38.33, 38.14]
Pvalue_0.010000_Kvalue_17_AverageOf_20
[35.87, 35.93, 35.91, 35.89, 35.91, 35.83, 35.85, 35.82, 35.86, 35.86, 35.99, 35.91, 35.82, 35.83, 35.9, 35.82, 35.83, 35.87, 35.87]
Pvalue_0.010000_Kvalue_16_AverageOf_20
[33.57, 33.51, 33.57, 33.58, 33.56, 33.49, 33.57, 33.41, 33.5, 33.51, 33.54, 33.59, 33.54, 33.57, 33.55, 33.55, 33.56, 33.58, 33.48]
Pvalue_0.010000_Kvalue_15_AverageOf_20
[31.19, 31.19, 31.21, 31.16, 31.24, 31.15, 31.2, 31.2, 31.2, 31.2, 31.18, 31.17, 31.19, 31.16, 31.19, 31.19, 31.12, 31.19, 31.25]
Pvalue_0.010000_Kvalue_14_AverageOf_20
[28.85, 28.9, 28.86, 28.88, 28.81, 28.82, 28.83, 28.83, 28.89, 28.93, 28.88, 28.89, 28.88, 28.92, 28.91, 28.78, 28.85, 28.85, 28.87]
Pvalue_0.010000_Kvalue_13_AverageOf_20
[26.46, 26.48, 26.49, 26.49, 26.54, 26.48, 26.58, 26.53, 26.51, 26.58, 26.54, 26.45, 26.49, 26.44, 26.47, 26.49, 26.63, 26.41, 26.57]
Pvalue_0.010000_Kvalue_12_AverageOf_20
[24.23, 24.17, 24.19, 24.17, 24.2, 24.25, 24.21, 24.16, 24.18, 24.15, 24.16, 24.15, 24.18, 24.21, 24.16, 24.14, 24.18, 24.13, 24.24]
Pvalue_0.010000_Kvalue_11_AverageOf_20
[21.78, 21.8, 21.84, 21.86, 21.86, 21.88, 21.89, 21.79, 21.77, 21.83, 21.89, 21.8, 21.81, 21.84, 21.89, 21.88, 21.83, 21.76, 21.81]
Pvalue_0.010000_Kvalue_10_AverageOf_20
[19.44, 19.53, 19.48, 19.48, 19.53, 19.56, 19.51, 19.48, 19.54, 19.52, 19.49, 19.54, 19.55, 19.51, 19.41, 19.5, 19.48, 19.45, 19.5]
Pvalue_0.010000_Kvalue_9_AverageOf_20
[17.14, 17.19, 17.19, 17.22, 17.25, 17.21, 17.23, 17.17, 17.17, 17.15, 17.2, 17.19, 17.18, 17.22, 17.13, 17.09, 17.16, 17.2, 17.21]
Pvalue_0.010000_Kvalue_8_AverageOf_20
[14.78, 14.87, 14.83, 14.8, 14.86, 14.85, 14.82, 14.82, 14.85, 14.86, 14.78, 14.83, 14.84, 14.85, 14.76, 14.78, 14.79, 14.81, 14.81]
Pvalue_0.010000_Kvalue_7_AverageOf_20
[12.49, 12.48, 12.48, 12.53, 12.44, 12.54, 12.45, 12.43, 12.49, 12.5, 12.44, 12.51, 12.46, 12.56, 12.47, 12.49, 12.51, 12.47, 12.48]
Pvalue_0.010000_Kvalue_6_AverageOf_20
[10.12, 10.18, 10.14, 10.1, 10.21, 10.14, 10.16, 10.15, 10.12, 10.11, 10.17, 10.16, 10.13, 10.15, 10.18, 10.14, 10.14, 10.16, 10.17]
Pvalue_0.010000_Kvalue_5_AverageOf_20
[7.82, 7.82, 7.81, 7.84, 7.8, 7.85, 7.79, 7.89, 7.79, 7.79, 7.81, 7.81, 7.75, 7.77, 7.83, 7.81, 7.79, 7.83, 7.83]
Pvalue_0.010000_Kvalue_4_AverageOf_20
[5.49, 5.52, 5.45, 5.51, 5.47, 5.43, 5.46, 5.47, 5.51, 5.47, 5.47, 5.43, 5.49, 5.49, 5.49, 5.52, 5.46, 5.46, 5.47]
Pvalue_0.010000_Kvalue_3_AverageOf_20
[3.16, 3.18, 3.15, 3.11, 3.09, 3.1, 3.16, 3.14, 3.12, 3.14, 3.18, 3.17, 3.15, 3.15, 3.12, 3.11, 3.15, 3.13, 3.15]
Pvalue_0.010000_Kvalue_2_AverageOf_20
[0.81, 0.81, 0.83, 0.78, 0.79, 0.83, 0.8, 0.82, 0.82, 0.81, 0.8, 0.81, 0.83, 0.83, 0.78, 0.81, 0.79, 0.81, 0.8]
Pvalue_0.010000_Kvalue_1_AverageOf_20
[-1.52, -1.5, -1.54, -1.55, -1.5, -1.57, -1.55, -1.54, -1.56, -1.52, -1.53, -1.55, -1.55, -1.53, -1.52, -1.52, -1.56, -1.55, -1.54]
