Pvalue_0.100000_Kvalue_5_AverageOf_20
[3.43, 3.39, 3.38, 3.39, 3.39, 3.38, 3.38, 3.38, 3.39, 3.39, 3.38, 3.38, 3.38, 3.39, 3.38, 3.38, 3.38, 3.39, 3.38]
Pvalue_0.200000_Kvalue_5_AverageOf_20
[2.39, 2.34, 2.33, 2.34, 2.33, 2.33, 2.34, 2.34, 2.34, 2.33, 2.34, 2.34, 2.34, 2.33, 2.33, 2.33, 2.34, 2.33, 2.34]
Pvalue_0.400000_Kvalue_5_AverageOf_20
[1.56, 1.45, 1.45, 1.45, 1.45, 1.45, 1.45, 1.45, 1.45, 1.45, 1.45, 1.45, 1.45, 1.45, 1.45, 1.45, 1.45, 1.45, 1.45]
Pvalue_0.800000_Kvalue_5_AverageOf_20
[0.92, 0.74, 0.74, 0.74, 0.74, 0.74, 0.74, 0.74, 0.74, 0.74, 0.74, 0.74, 0.74, 0.74, 0.74, 0.74, 0.74, 0.74, 0.74]
Pvalue_0.010000_Kvalue_5_AverageOf_20
[7.81, 7.81, 7.8, 7.81, 7.8, 7.8, 7.8, 7.81, 7.79, 7.81, 7.82, 7.8, 7.81, 7.8, 7.82, 7.8, 7.82, 7.82, 7.8]
Pvalue_0.020000_Kvalue_5_AverageOf_20
[6.37, 6.36, 6.35, 6.36, 6.35, 6.35, 6.35, 6.36, 6.37, 6.36, 6.35, 6.36, 6.35, 6.36, 6.36, 6.36, 6.35, 6.36, 6.36]
Pvalue_0.040000_Kvalue_5_AverageOf_20
[5.02, 5.0, 5.0, 5.0, 4.99, 4.99, 5.0, 4.99, 5.01, 5.0, 4.99, 5.0, 5.0, 5.0, 5.0, 5.0, 5.0, 5.01, 5.0]
Pvalue_0.080000_Kvalue_5_AverageOf_20
[3.79, 3.75, 3.76, 3.77, 3.76, 3.76, 3.76, 3.76, 3.76, 3.75, 3.76, 3.76, 3.75, 3.76, 3.75, 3.76, 3.75, 3.76, 3.76]
Pvalue_0.001000_Kvalue_5_AverageOf_20
[12.99, 12.97, 13.0, 13.03, 13.02, 13.0, 12.97, 12.93, 13.01, 12.98, 13.02, 13.04, 12.94, 13.03, 12.98, 12.97, 13.02, 12.97, 13.04]
Pvalue_0.002000_Kvalue_5_AverageOf_20
[11.38, 11.37, 11.38, 11.39, 11.39, 11.41, 11.39, 11.4, 11.39, 11.39, 11.36, 11.37, 11.4, 11.37, 11.4, 11.39, 11.38, 11.39, 11.41]
Pvalue_0.004000_Kvalue_5_AverageOf_20
[9.82, 9.8, 9.81, 9.78, 9.82, 9.79, 9.83, 9.82, 9.81, 9.83, 9.8, 9.81, 9.82, 9.81, 9.81, 9.84, 9.81, 9.8, 9.82]
Pvalue_0.008000_Kvalue_5_AverageOf_20
[8.28, 8.28, 8.3, 8.3, 8.3, 8.29, 8.3, 8.28, 8.28, 8.3, 8.28, 8.3, 8.3, 8.28, 8.27, 8.29, 8.28, 8.3, 8.27]
Pvalue_0.000100_Kvalue_5_AverageOf_20
[18.65, 18.58, 18.73, 18.7, 18.56, 18.67, 18.69, 18.66, 18.63, 18.62, 18.61, 18.58, 18.52, 18.65, 18.65, 18.57, 18.72, 18.62, 18.64]
Pvalue_0.000200_Kvalue_5_AverageOf_20
[16.89, 16.84, 16.84, 16.91, 16.82, 16.86, 16.89, 16.85, 16.95, 16.9, 16.88, 16.79, 17.0, 16.85, 16.9, 16.9, 16.92, 16.91, 16.89]
Pvalue_0.000400_Kvalue_5_AverageOf_20
[15.14, 15.25, 15.15, 15.19, 15.17, 15.19, 15.26, 15.14, 15.17, 15.13, 15.25, 15.21, 15.28, 15.2, 15.21, 15.18, 15.2, 15.12, 15.13]
Pvalue_0.000800_Kvalue_5_AverageOf_20
[13.49, 13.6, 13.54, 13.56, 13.49, 13.5, 13.49, 13.49, 13.49, 13.51, 13.49, 13.53, 13.48, 13.56, 13.53, 13.49, 13.52, 13.48, 13.5]
